AL	AR	AT	AU	BD	BG	BO	BR	BY	CA	CH	CL	CN	CO	DE	DK	EC	ES	FI	FJ	FR	GB	GF	GR	HK	ID	IN	IS	IT	JP	KH	KR	LA	LK	LV	MD	MM	MY	NL	NO	NP	NZ	PE	PH	PT	PY	RO	RS	SE	SG	TH	TW	UA	US	UY	VE	VN
    0.0000	12364.5229	  809.0447	14725.1790	 6806.2797	  561.1407	10903.8738	 9358.7756	 1517.2472	 8169.9177	 1125.0433	12402.0819	 7929.1824	 9858.2893	 1315.9223	 1780.2914	10873.1490	 2133.3555	 2402.6632	16641.0041	 1396.5037	 2091.5054	 8165.7171	  593.6679	 8724.5523	10591.2963	 6018.1140	 3681.5278	  646.4000	 9242.1530	 8651.0562	 8749.8242	 8115.2155	 7015.3267	 1750.6496	  956.5040	 7420.2571	 9559.0715	 1590.8168	 2482.1165	 6057.3966	17832.4008	11118.2424	10318.8116	 3059.2228	10854.7426	  578.7259	  265.1395	 2065.6746	 9431.7039	 8278.5293	 9121.8422	 1218.1534	 9019.2141	11430.5441	 8941.7556	 8712.0424
12364.5229	    0.0000	12370.6098	12070.2132	17287.2572	12906.9067	 2353.8549	 3060.8456	13564.7423	10190.5176	11936.8590	  816.7659	19226.1274	 5242.2667	12331.5900	12691.3677	 4302.1513	10512.1018	13735.4480	10975.6397	11575.2664	11825.4634	 4987.0772	12558.5227	18235.7316	15390.6762	16137.5520	11987.8958	11920.6439	18119.4271	16972.8784	18802.5923	17476.3360	15112.5695	13462.4924	13305.6873	17328.3243	16190.1971	12117.2436	13120.9711	17071.2840	 9342.6244	 3301.7553	16799.5715	 9864.0623	 1638.8784	12911.4413	12567.0546	13217.5209	15769.9609	16917.6461	18311.8447	13569.0019	 9044.1375	  971.7584	 5384.8260	17368.0021
  809.0447	12370.6098	    0.0000	15137.4859	 7157.5044	 1080.7806	10683.4536	 9315.4038	 1204.0420	 7366.5216	  487.0755	12297.4000	 8020.8062	 9334.2483	  507.1880	 1002.5377	10396.4603	 1870.9686	 1821.5385	16377.5759	  859.4799	 1317.9986	 7865.7449	 1377.6353	 8896.5448	11003.5279	 6499.7934	 2872.8382	  569.7351	 9085.9872	 9004.4739	 8663.3981	 8430.8606	 7611.8884	 1239.3686	 1117.5148	 7769.6723	 9952.4995	  798.0024	 1746.6648	 6410.9297	18239.8591	10747.4787	10522.6567	 2667.9292	10790.3754	  811.7176	  662.6329	 1385.7260	 9886.3602	 8656.2744	 9218.0863	 1336.5757	 8237.7816	11480.4146	 8470.3857	 9010.6230
14725.1790	12070.2132	15137.4859	    0.0000	 7979.9915	14198.2680	14113.7255	14988.3660	14104.5074	14514.2692	15624.4954	12370.7626	 7390.8749	15406.3050	15374.9131	15162.1690	14438.8163	16849.1260	14190.9481	 3690.8806	15994.8199	16056.1655	16972.6389	14228.3696	 6407.9869	 4142.0196	 8707.5556	15886.6066	15356.1283	 7138.5183	 6133.8476	 7260.1002	 6716.5197	 7819.8612	14331.7926	14024.2965	 7368.0982	 5187.6315	15658.8414	14837.0348	 8726.7421	 3125.5573	14156.4612	 4786.6815	17781.5965	13706.4040	14371.7611	14653.4363	14681.2570	 5293.6127	 6482.1362	 6249.8473	13801.2726	14522.9041	12764.0196	16365.7236	 6149.2036
 6806.2797	17287.2572	 7157.5044	 7979.9915	    0.0000	 6256.5065	17539.1723	15581.7036	 6172.7166	11889.8523	 7644.5040	18041.0928	 2205.8247	16231.3745	 7417.4980	 7298.7897	17374.1317	 8931.8311	 6514.1126	10411.6945	 8015.3665	 8174.2177	14970.4272	 6387.7604	 2311.2914	 3858.2231	 1263.1078	 8743.1947	 7409.6629	 4456.0317	 1849.3685	 3746.4901	 1324.8438	 2204.2895	 6461.8706	 6045.8425	  614.4569	 2801.7737	 7719.5213	 7207.3336	  749.5858	11096.2451	17904.6766	 3647.1370	 9815.3047	16871.0269	 6401.6607	 6699.8577	 6907.3527	 2828.6678	 1504.2055	 2963.1066	 5821.3412	13114.5623	16588.8282	15551.2928	 1930.8062
  561.1407	12906.9067	 1080.7806	14198.2680	 6256.5065	    0.0000	11464.4217	 9912.6070	 1235.9093	 8362.2868	 1518.7810	12959.2322	 7372.9317	10354.7859	 1546.8851	 1871.7623	11388.9359	 2675.9463	 2227.1534	16129.6604	 1847.4597	 2391.3298	 8718.3861	  536.4302	 8163.5296	10058.2126	 5499.7497	 3853.8951	 1158.4919	 8731.4922	 8103.5344	 8221.9011	 7561.5967	 6552.1653	 1574.7535	  502.7020	 6870.8495	 9020.3890	 1864.4327	 2466.0160	 5507.1032	17320.3011	11662.3440	 9758.0328	 3583.3287	11409.4080	  326.7495	  460.5883	 2007.1192	 8909.0953	 7735.1535	 8564.2503	  733.4318	 9281.6646	11966.2937	 9457.0273	 8156.8602
10903.8738	 2353.8549	10683.4536	14113.7255	17539.1723	11464.4217	    0.0000	 2032.3659	11794.8630	 7964.6886	10207.2807	 1801.1782	18410.9061	 2979.5771	10518.4584	10764.9862	 2249.4041	 8832.2598	11722.0681	12080.0989	 9831.3380	 9871.3429	 2858.9235	11260.6258	19450.4382	17744.5115	16361.5312	 9756.0642	10344.2687	17046.7249	18841.3145	17556.5859	18787.2131	16138.1747	11591.8609	11752.2697	18077.2272	18455.2146	10251.9747	11056.1331	16846.8690	11114.6172	 1272.1196	18817.2060	 8029.4640	 1242.2065	11370.9947	11047.3680	11243.2846	17938.4178	18501.5573	19028.0248	11999.7249	 6891.1664	 2220.1126	 3030.9845	19280.5164
 9358.7756	 3060.8456	 9315.4038	14988.3660	15581.7036	 9912.6070	 2032.3659	    0.0000	10505.5933	 8753.1779	 8877.0603	 3056.2796	17280.5106	 4142.5392	 9271.3612	 9643.3478	 3892.3795	 7452.6044	10702.3455	13875.1278	 8514.5745	 8790.8440	 2423.7215	 9615.2074	17884.8959	16972.1716	14357.4325	 9162.8721	 8881.0493	17828.7635	16881.3535	17792.8991	16758.8558	14139.6129	10403.5481	10281.9458	16069.9497	16983.0542	 9061.9017	10116.5485	14954.9480	12402.4192	 3125.6966	18716.4110	 6814.6978	 1497.6375	 9887.6925	 9545.9128	10177.2286	16413.5075	16497.9980	18447.6325	10543.4605	 7907.2580	 2244.9237	 3632.6964	17268.2595
 1517.2472	13564.7423	 1204.0420	14104.5074	 6172.7166	 1235.9093	11794.8630	10505.5933	    0.0000	 7434.8656	 1628.8489	13457.5955	 6853.8925	10171.2071	 1276.4362	 1154.5262	11279.8646	 3052.9891	 1015.6342	15221.9887	 1995.4945	 2003.4291	 8947.8843	 1770.9175	 7761.0024	10028.5479	 5681.0813	 3017.1160	 1716.0154	 7885.9515	 7996.6747	 7459.4462	 7396.5091	 6948.9212	  423.2439	  775.7305	 6773.9732	 8971.4970	 1555.4855	 1424.7874	 5441.5918	17110.0912	11742.2852	 9393.8503	 3770.3798	11971.1818	  978.5694	 1252.9245	  961.0055	 8972.3754	 7676.0257	 8047.7868	  709.5130	 8460.1767	12682.2575	 9388.0500	 7956.1676
 8169.9177	10190.5176	 7366.5216	14514.2692	11889.8523	 8362.2868	 7964.6886	 8753.1779	 7434.8656	    0.0000	 7090.4756	 9429.0964	10624.4639	 4985.7462	 6860.8794	 6493.2878	 5893.2407	 7010.4214	 6528.8952	11226.0882	 6948.1640	 6095.8115	 6427.5351	 8743.0611	11530.9814	14179.7686	12248.5005	 4508.8201	 7663.3944	 9265.6042	12875.1210	 9627.5851	12327.1511	13747.3792	 7011.6377	 8105.5726	12215.5689	13615.2448	 6579.7106	 6010.4209	11474.7200	13355.7950	 6888.9627	12381.7938	 6310.3231	 9120.9968	 8038.0536	 8018.5888	 6478.5001	14076.6371	12878.1441	11121.5801	 8131.8982	 1229.1707	10176.6004	 5156.0690	12479.8623
 1125.0433	11936.8590	  487.0755	15624.4954	 7644.5040	 1518.7810	10207.2807	 8877.0603	 1628.8489	 7090.4756	    0.0000	11837.8131	 8477.0724	 8857.4757	  489.8557	 1058.7768	 9914.0504	 1424.8122	 2064.5185	16651.3659	  376.0677	  995.2452	 7383.2695	 1718.6924	 9366.1731	11490.3586	 6979.7466	 2658.2026	  577.9695	 9465.2164	 9491.2788	 9069.3565	 8916.4375	 8069.9180	 1572.5927	 1603.5139	 8256.5750	10439.5291	  571.8248	 1820.7139	 6897.9971	18719.5297	10260.4383	10995.0283	 2184.4853	10343.0116	 1280.8834	 1067.1132	 1563.4151	10370.8393	 9143.3473	 9672.7395	 1823.3448	 7904.6031	11062.2839	 7986.5833	 9494.9158
12402.0819	  816.7659	12297.4000	12370.7626	18041.0928	12959.2322	 1801.1782	 3056.2796	13457.5955	 9429.0964	11837.8131	    0.0000	19700.7875	 4528.3281	12190.3378	12486.2858	 3536.5279	10426.6628	13479.7447	10828.1042	11465.7783	11598.5930	 4615.1252	12671.4181	18767.1210	15991.2601	16831.3847	11556.8545	11898.6982	17526.2634	17732.2869	18240.4683	18273.9846	15904.0359	13296.1944	13309.5781	18139.0494	16877.8461	11944.9269	12826.7689	17703.5910	 9473.7120	 2559.8416	17156.8661	 9693.9298	 1561.3134	12917.2402	12579.0766	12985.2209	16505.3918	17715.4897	18517.1736	13568.0604	 8264.7967	 1470.6222	 4778.1619	18087.8934
 7929.1824	19226.1274	 8020.8062	 7390.8749	 2205.8247	 7372.9317	18410.9061	17280.5106	 6853.8925	10624.4639	 8477.0724	19700.7875	    0.0000	15570.4337	 8117.1701	 7808.6641	16510.5873	 9891.7657	 6802.4591	 8873.6150	 8847.9009	 8693.0354	15651.2933	 7665.4826	 1042.5784	 3874.9176	 3441.4780	 8679.1695	 8426.6649	 2250.2689	 2256.0108	 1542.5836	 1776.8067	 4287.5099	 7005.1558	 7017.3619	 2030.2066	 3042.5048	 8357.2550	 7447.2651	 2599.4974	10256.5456	17513.3910	 2606.3482	10611.4230	18777.0940	 7410.3200	 7749.4803	 7303.1475	 3456.2374	 2331.9076	 1198.0145	 6758.0377	11767.1552	18793.6210	15392.2462	 1858.2900
 9858.2893	 5242.2667	 9334.2483	15406.3050	16231.3745	10354.7859	 2979.5771	 4142.5392	10171.2071	 4985.7462	 8857.4757	 4528.3281	15570.4337	    0.0000	 8991.6321	 9020.4520	 1142.9594	 7767.9493	 9732.0271	12082.0145	 8510.4113	 8179.3961	 2572.0327	10384.5456	16514.1657	18879.5156	15830.0650	 7488.2326	 9214.4031	14164.9705	17756.9508	14595.1162	17136.9941	16812.0696	 9842.2598	10443.0445	16761.6936	18599.5581	 8671.6971	 9040.3052	15557.8229	12350.4756	 1975.5178	17158.6723	 6812.8501	 4161.6685	10138.3153	 9894.1991	 9366.4174	18991.5341	17621.6862	16090.7058	10630.7933	 3927.1906	 5196.2944	 1032.6952	17422.8314
 1315.9223	12331.5900	  507.1880	15374.9131	 7417.4980	 1546.8851	10518.4584	 9271.3612	 1276.4362	 6860.8794	  489.8557	12190.3378	 8117.1701	 8991.6321	    0.0000	  576.6118	10077.3944	 1845.8371	 1581.4582	16162.4543	  779.9046	  854.1712	 7672.2313	 1882.2254	 9035.1444	11275.5235	 6839.0941	 2365.6893	  954.8748	 9017.6270	 9252.9000	 8642.7951	 8660.4261	 8009.6198	 1135.4131	 1470.6442	 8024.0833	10219.2712	  327.9395	 1343.4210	 6678.2942	18366.9912	10490.2926	10668.4620	 2497.2643	10721.1521	 1245.7543	 1160.1605	 1074.1998	10190.7536	 8921.5698	 9307.2482	 1639.9843	 7743.2905	11476.8943	 8164.7621	 9225.7901
 1780.2914	12691.3677	 1002.5377	15162.1690	 7298.7897	 1871.7623	10764.9862	 9643.3478	 1154.5262	 6493.2878	 1058.7768	12486.2858	 7808.6641	 9020.4520	  576.6118	    0.0000	10134.0561	 2313.9543	 1084.1228	15608.6233	 1290.8385	  894.2933	 7906.2246	 2296.5045	 8763.5035	11144.5985	 6835.5852	 1989.1328	 1518.6035	 8564.4060	 9105.6608	 8227.2710	 8494.0187	 8092.3948	  839.6051	 1641.2273	 7893.3755	10088.8454	  610.6753	  767.0820	 6575.6676	17960.0268	10628.3457	10394.1106	 2828.8170	11062.7383	 1546.0306	 1574.2937	  550.9409	10111.4149	 8798.2439	 8984.4260	 1730.3883	 7442.7656	11872.2692	 8254.0942	 9038.1017
10873.1490	 4302.1513	10396.4603	14438.8163	17374.1317	11388.9359	 2249.4041	 3892.3795	11279.8646	 5893.2407	 9914.0504	 3536.5279	16510.5873	 1142.9594	10077.3944	10134.0561	    0.0000	 8753.5055	10869.2541	11372.4557	 9557.6126	 9280.2259	 3059.3491	11373.6300	17335.3735	18482.4217	16888.6756	 8630.9412	10236.0452	14797.3215	18766.4218	15329.8396	18204.1070	17614.1934	10961.8474	11511.9748	17899.6052	19159.7751	 9761.9275	10176.7950	16693.1615	11331.0997	 1019.1623	17415.5299	 7814.0234	 3491.5208	11191.0808	10929.7906	10494.6587	19674.9155	18729.8728	16778.7243	11710.8362	 4743.8907	 4424.0394	 1932.0019	18345.3099
 2133.3555	10512.1018	 1870.9686	16849.1260	 8931.8311	 2675.9463	 8832.2598	 7452.6044	 3052.9891	 7010.4214	 1424.8122	10426.6628	 9891.7657	 7767.9493	 1845.8371	 2313.9543	 8753.5055	    0.0000	 3394.1754	17751.0652	 1069.7368	 1667.0978	 6047.8557	 2621.3770	10760.3824	12723.5966	 8143.9694	 3113.6590	 1523.3968	10861.5961	10779.4093	10486.2444	10232.5448	 9065.3141	 2978.3283	 2920.6183	 9546.2578	11692.3953	 1703.3063	 2980.6585	 8182.2942	19634.7026	 8986.8373	12381.0402	  962.6167	 8921.7070	 2544.0050	 2233.3566	 2863.8652	11557.7048	10410.3347	11088.9626	 3167.6510	 7580.8290	 9639.9324	 6825.7638	10824.0776
 2402.6632	13735.4480	 1821.5385	14190.9481	 6514.1126	 2227.1534	11722.0681	10702.3455	 1015.6342	 6528.8952	 2064.5185	13479.7447	 6802.4591	 9732.0271	 1581.4582	 1084.1228	10869.2541	 3394.1754	    0.0000	14591.2348	 2350.8031	 1911.9183	 8869.9581	 2752.8554	 7785.2623	10298.3035	 6231.1954	 2295.6022	 2391.2569	 7480.5360	 8260.8793	 7151.8725	 7632.2639	 7604.0308	  658.5200	 1789.7000	 7084.1048	 9254.3115	 1693.0778	  693.2622	 5825.8041	16876.3323	11464.8360	 9404.4169	 3892.4240	12099.5466	 1936.8961	 2143.0660	  533.8285	 9342.3340	 7987.2564	 7961.2719	 1710.9994	 7608.8623	12939.1234	 9056.5083	 8145.7807
16641.0041	10975.6397	16377.5759	 3690.8806	10411.6945	16129.6604	12080.0989	13875.1278	15221.9887	11226.0882	16651.3659	10828.1042	 8873.6150	12082.0145	16162.4543	15608.6233	11372.4557	17751.0652	14591.2348	    0.0000	16890.7512	16107.2346	14419.2601	16507.0654	 8222.9034	 7111.7619	11492.1730	14658.5371	16930.5436	 7400.3428	 8700.0594	 7911.9577	 9101.5973	11050.8750	15138.5617	15684.7592	 9834.8834	 7983.4923	16190.1584	14873.0016	11114.3442	 2644.8762	11503.8659	 6764.8762	17448.7540	12388.6534	16066.3544	16405.9138	15088.2586	 8309.9280	 9113.7516	 7718.1826	15424.3043	10951.9073	11930.2436	13114.1804	 8500.0218
 1396.5037	11575.2664	  859.4799	15994.8199	 8015.3665	 1847.4597	 9831.3380	 8514.5745	 1995.4945	 6948.1640	  376.0677	11465.7783	 8847.9009	 8510.4113	  779.9046	 1290.8385	 9557.6126	 1069.7368	 2350.8031	16890.7512	    0.0000	  927.8282	 7007.6115	 1980.1140	 9741.0003	11857.4158	 7333.2150	 2610.0465	  767.9252	 9797.1807	 9862.9955	 9416.5184	 9290.3389	 8395.5205	 1908.9066	 1970.6844	 8627.9467	10808.1003	  700.8695	 2017.9462	 7268.1594	19095.5093	 9890.0279	11370.3702	 1809.0095	 9975.9677	 1633.5923	 1387.7879	 1829.5790	10731.2255	 9512.7639	10042.7345	 2195.6379	 7708.1687	10708.7105	 7628.0053	 9869.8080
 2091.5054	11825.4634	 1317.9986	16056.1655	 8174.2177	 2391.3298	 9871.3429	 8790.8440	 2003.4291	 6095.8115	  995.2452	11598.5930	 8693.0354	 8179.3961	  854.1712	  894.2933	 9280.2259	 1667.0978	 1911.9183	16107.2346	  927.8282	    0.0000	 7012.4613	 2680.1469	 9654.7029	12026.8279	 7657.8676	 1686.3656	 1571.2909	 9352.1346	 9990.4604	 9054.1319	 9382.4138	 8855.9749	 1729.9777	 2318.9264	 8772.9655	10970.1248	  528.3769	 1366.0692	 7444.8431	18686.0534	 9745.5799	11283.8931	 1988.8752	10191.5070	 2097.6211	 1979.4852	 1393.0065	10975.3513	 9676.4664	 9862.9402	 2472.1854	 6928.3089	11029.5470	 7384.6213	 9930.0012
 8165.7171	 4987.0772	 7865.7449	16972.6389	14970.4272	 8718.3861	 2858.9235	 2423.7215	 8947.8843	 6427.5351	 7383.2695	 4615.1252	15651.2933	 2572.0327	 7672.2313	 7906.2246	 3059.3491	 6047.8557	 8869.9581	14419.2601	 7007.6115	 7012.4613	    0.0000	 8587.4430	16654.6744	18475.3458	14055.3207	 7000.9526	 7571.1594	15420.1370	16805.6742	15513.5740	16279.8192	14555.2489	 8734.5016	 8958.7598	15583.3103	17628.5648	 7398.9737	 8211.9501	14222.4598	13935.6629	 2984.2433	18251.5108	 5198.8204	 3388.3685	 8589.5818	 8280.9316	 8385.8761	17304.1893	16415.0091	16740.3981	 9196.7178	 5727.4302	 4426.7446	 1643.4564	16871.4261
  593.6679	12558.5227	 1377.6353	14228.3696	 6387.7604	  536.4302	11260.6258	 9615.2074	 1770.9175	 8743.0611	 1718.6924	12671.4181	 7665.4826	10384.5456	 1882.2254	 2296.5045	11373.6300	 2621.3770	 2752.8554	16507.0654	 1980.1140	 2680.1469	 8587.4430	    0.0000	 8401.1853	10117.0733	 5530.1035	 4242.4171	 1216.1576	 9139.0916	 8218.7347	 8601.1006	 7708.2451	 6465.9776	 2096.4868	 1031.8605	 6998.2246	 9099.6811	 2171.8990	 2945.9516	 5643.8984	17296.4552	11561.7683	 9963.2940	 3571.8047	11111.8193	  818.6459	  727.4855	 2499.4088	 8941.0669	 7834.6747	 8844.0565	 1238.9054	 9608.3859	11603.6337	 9447.0335	 8311.0832
 8724.5523	18235.7316	 8896.5448	 6407.9869	 2311.2914	 8163.5296	19450.4382	17884.8959	 7761.0024	11530.9814	 9366.1731	18767.1210	 1042.5784	16514.1657	 9035.1444	 8763.5035	17335.3735	10760.3824	 7785.2623	 8222.9034	 9741.0003	 9654.7029	16654.6744	 8401.1853	    0.0000	 2845.4526	 3555.2080	 9713.0246	 9262.3873	 2594.7516	 1490.1333	 2011.5568	 1276.7964	 4012.0237	 7944.4628	 7849.3530	 1870.3095	 2085.4050	 9291.6545	 8443.1937	 2931.4602	 9355.9326	18351.3804	 1633.6206	11531.3762	19088.5943	 8236.3068	 8566.8874	 8273.5353	 2563.7853	 1725.6561	  697.9277	 7596.6201	12628.5264	18281.9520	16420.5330	 1027.7719
10591.2963	15390.6762	11003.5279	 4142.0196	 3858.2231	10058.2126	17744.5115	16972.1716	10028.5479	14179.7686	11490.3586	15991.2601	 3874.9176	18879.5156	11275.5235	11144.5985	18482.4217	12723.5966	10298.3035	 7111.7619	11857.4158	12026.8279	18475.3458	10117.0733	 2845.4526	    0.0000	 4588.0375	12415.4297	11216.6599	 4915.1855	 2041.1578	 4576.9134	 2666.0431	 3939.5393	10305.3086	 9887.2789	 3254.5771	 1057.0576	11577.5390	10987.1155	 4598.2245	 7267.5760	18268.5172	 1816.2327	13640.5678	16713.3283	10230.3159	10512.0834	10727.4793	 1206.5995	 2354.0289	 3103.9902	 9670.4293	15128.7916	15631.0187	19265.9610	 2179.3475
 6018.1140	16137.5520	 6499.7934	 8707.5556	 1263.1078	 5499.7497	16361.5312	14357.4325	 5681.0813	12248.5005	 6979.7466	16831.3847	 3441.4780	15830.0650	 6839.0941	 6835.5852	16888.6756	 8143.9694	 6231.1954	11492.1730	 7333.2150	 7657.8676	14055.3207	 5530.1035	 3555.2080	 4588.0375	    0.0000	 8525.8184	 6653.3465	 5683.1959	 2792.4243	 4969.4129	 2434.7017	 1499.3609	 6032.2276	 5388.0524	 1716.4448	 3587.0371	 7160.1300	 6905.7087	  981.7860	11821.3618	17031.8898	 4764.1110	 9077.1033	15609.5188	 5700.5323	 5958.9082	 6534.4960	 3414.0246	 2380.4882	 4220.0465	 5199.4972	13468.2998	15362.5018	14956.7686	 3016.8760
 3681.5278	11987.8958	 2872.8382	15886.6066	 8743.1947	 3853.8951	 9756.0642	 9162.8721	 3017.1160	 4508.8201	 2658.2026	11556.8545	 8679.1695	 7488.2326	 2365.6893	 1989.1328	 8630.9412	 3113.6590	 2295.6022	14658.5371	 2610.0465	 1686.3656	 7000.9526	 4242.4171	 9713.0246	12415.4297	 8525.8184	    0.0000	 3234.9296	 8755.9951	10412.6685	 8631.9803	 9773.4963	 9893.7071	 2605.4340	 3621.2897	 9287.5265	11403.2238	 2108.4190	 1638.2422	 8082.3669	17291.6561	 9307.8842	11253.3130	 2957.3204	10378.6228	 3530.4013	 3515.5275	 2065.2314	11554.3325	10178.1197	 9739.7465	 3679.7760	 5460.8496	11369.2496	 6897.2515	10236.2264
  646.4000	11920.6439	  569.7351	15356.1283	 7409.6629	 1158.4919	10344.2687	 8881.0493	 1716.0154	 7663.3944	  577.9695	11898.6982	 8426.6649	 9214.4031	  954.8748	 1518.6035	10236.0452	 1523.3968	 2391.2569	16930.5436	  767.9252	 1571.2909	 7571.1594	 1216.1576	 9262.3873	11216.6599	 6653.3465	 3234.9296	    0.0000	 9595.2009	 9258.0325	 9147.6332	 8709.1484	 7661.6673	 1801.3880	 1413.5057	 8024.1198	10178.5823	 1135.0052	 2281.5236	 6660.0777	18473.9006	10505.7798	10873.6569	 2425.6153	10368.7889	 1026.9570	  710.0321	 1946.9266	10065.0605	 8892.1464	 9624.1780	 1669.6418	 8458.8129	11010.4822	 8304.1067	 9301.0302
 9242.1530	18119.4271	 9085.9872	 7138.5183	 4456.0317	 8731.4922	17046.7249	17828.7635	 7885.9515	 9265.6042	 9465.2164	17526.2634	 2250.2689	14164.9705	 9017.6270	 8564.4060	14797.3215	10861.5961	 7480.5360	 7400.3428	 9797.1807	 9352.1346	15420.1370	 9139.0916	 2594.7516	 4915.1855	 5683.1959	 8755.9951	 9595.2009	    0.0000	 4080.8111	  714.5400	 3816.8353	 6493.4157	 7893.0796	 8285.6542	 4238.9410	 4497.0280	 9171.1462	 7989.4058	 4798.8351	 9395.7973	15788.5409	 3121.7352	11336.0754	18288.6727	 8670.6156	 9013.0398	 8014.3214	 5043.3630	 4311.8080	 1981.4904	 8024.4515	10244.2023	18995.4388	14414.5976	 3615.5314
 8651.0562	16972.8784	 9004.4739	 6133.8476	 1849.3685	 8103.5344	18841.3145	16881.3535	 7996.6747	12875.1210	 9491.2788	17732.2869	 2256.0108	17756.9508	 9252.9000	 9105.6608	18766.4218	10779.4093	 8260.8793	 8700.0594	 9862.9955	 9990.4604	16805.6742	 8218.7347	 1490.1333	 2041.1578	 2792.4243	10412.6685	 9258.0325	 4080.8111	    0.0000	 3497.8478	  640.4142	 2742.0201	 8266.1244	 7894.3675	 1235.4536	  994.2523	 9549.5688	 8951.2053	 2598.6571	 9247.1373	19719.7172	 2028.8372	11664.4361	17646.4993	 8251.0290	 8548.4311	 8686.4216	 1237.0706	  417.6000	 2122.9175	 7667.9411	14023.1155	16805.1136	17307.6080	  465.6681
 8749.8242	18802.5923	 8663.3981	 7260.1002	 3746.4901	 8221.9011	17556.5859	17792.8991	 7459.4462	 9627.5851	 9069.3565	18240.4683	 1542.5836	14595.1162	 8642.7951	 8227.2710	15329.8396	10486.2444	 7151.8725	 7911.9577	 9416.5184	 9054.1319	15513.5740	 8601.1006	 2011.5568	 4576.9134	 4969.4129	 8631.9803	 9147.6332	  714.5400	 3497.8478	    0.0000	 3173.6928	 5810.3207	 7508.2735	 7796.9555	 3551.0053	 4025.4982	 8823.9900	 7709.0616	 4085.2260	 9740.4291	16341.5968	 2865.6913	11041.9851	18747.8655	 8187.8969	 8532.6326	 7683.3187	 4545.0388	 3690.9943	 1496.0245	 7533.6511	10671.3432	19704.7220	14717.2384	 3038.5138
 8115.2155	17476.3360	 8430.8606	 6716.5197	 1324.8438	 7561.5967	18787.2131	16758.8558	 7396.5091	12327.1511	 8916.4375	18273.9846	 1776.8067	17136.9941	 8660.4261	 8494.0187	18204.1070	10232.5448	 7632.2639	 9101.5973	 9290.3389	 9382.4138	16279.8192	 7708.2451	 1276.7964	 2666.0431	 2434.7017	 9773.4963	 8709.1484	 3816.8353	  640.4142	 3173.6928	    0.0000	 2735.3175	 7654.5502	 7328.1814	  733.4234	 1630.3879	 8951.6510	 8321.2270	 2064.3535	 9813.2171	19079.3178	 2340.8257	11097.4886	17812.1668	 7693.0161	 7999.2336	 8065.0201	 1854.6661	  558.9970	 1973.3120	 7095.3103	13500.4777	17150.0832	16669.9170	  606.1357
 7015.3267	15112.5695	 7611.8884	 7819.8612	 2204.2895	 6552.1653	16138.1747	14139.6129	 6948.9212	13747.3792	 8069.9180	15904.0359	 4287.5099	16812.0696	 8009.6198	 8092.3948	17614.1934	 9065.3141	 7604.0308	11050.8750	 8395.5205	 8855.9749	14555.2489	 6465.9776	 4012.0237	 3939.5393	 1499.3609	 9893.7071	 7661.6673	 6493.4157	 2742.0201	 5810.3207	 2735.3175	    0.0000	 7330.2395	 6539.0416	 2259.9743	 3145.5266	 8337.1891	 8257.1946	 2354.0003	10830.4799	17231.0776	 4729.5553	10026.0878	15077.4276	 6800.2048	 7009.2340	 7854.5828	 2748.9946	 2364.9716	 4708.5109	 6387.6915	14965.3910	14525.0704	15812.3851	 3143.6022
 1750.6496	13462.4924	 1239.3686	14331.7926	 6461.8706	 1574.7535	11591.8609	10403.5481	  423.2439	 7011.6377	 1572.5927	13296.1944	 7005.1558	 9842.2598	 1135.4131	  839.6051	10961.8474	 2978.3283	  658.5200	15138.5617	 1908.9066	 1729.9777	 8734.5016	 2096.4868	 7944.4628	10305.3086	 6032.2276	 2605.4340	 1801.3880	 7893.0796	 8266.1244	 7508.2735	 7654.5502	 7330.2395	    0.0000	 1160.7343	 7054.9280	 9249.7844	 1352.1762	 1001.7989	 5741.8428	17235.2721	11467.6360	 9577.3167	 3608.2552	11845.9367	 1279.2353	 1488.9078	  541.7610	 9278.4915	 7960.0769	 8189.6322	 1128.2949	 8040.0793	12612.2517	 9089.9104	 8200.0709
  956.5040	13305.6873	 1117.5148	14024.2965	 6045.8425	  502.7020	11752.2697	10281.9458	  775.7305	 8105.5726	 1603.5139	13309.5781	 7017.3619	10443.0445	 1470.6442	 1641.2273	11511.9748	 2920.6183	 1789.7000	15684.7592	 1970.6844	 2318.9264	 8958.7598	 1031.8605	 7849.3530	 9887.2789	 5388.0524	 3621.2897	 1413.5057	 8285.6542	 7894.3675	 7796.9555	 7328.1814	 6539.0416	 1160.7343	    0.0000	 6658.9946	 8837.4298	 1798.1478	 2122.0272	 5298.0477	17140.6224	11860.1684	 9463.3399	 3770.7956	11773.7939	  394.5484	  738.6437	 1650.9916	 8769.1657	 7542.1649	 8214.1160	  263.6253	 9081.0653	12378.7170	 9587.2268	 7913.3445
 7420.2571	17328.3243	 7769.6723	 7368.0982	  614.4569	 6870.8495	18077.2272	16069.9497	 6773.9732	12215.5689	 8256.5750	18139.0494	 2030.2066	16761.6936	 8024.0833	 7893.3755	17899.6052	 9546.2578	 7084.1048	 9834.8834	 8627.9467	 8772.9655	15583.3103	 6998.2246	 1870.3095	 3254.5771	 1716.4448	 9287.5265	 8024.1198	 4238.9410	 1235.4536	 3551.0053	  733.4234	 2259.9743	 7054.9280	 6658.9946	    0.0000	 2197.5363	 8323.8382	 7777.0716	 1364.0424	10482.5909	18514.3132	 3073.8657	10428.9829	17250.3558	 7015.7619	 7314.3116	 7490.5413	 2266.9817	  905.7410	 2557.6002	 6433.2479	13425.8379	16784.7037	16137.0381	 1336.2410
 9559.0715	16190.1971	 9952.4995	 5187.6315	 2801.7737	 9020.3890	18455.2146	16983.0542	 8971.4970	13615.2448	10439.5291	16877.8461	 3042.5048	18599.5581	10219.2712	10088.8454	19159.7751	11692.3953	 9254.3115	 7983.4923	10808.1003	10970.1248	17628.5648	 9099.6811	 2085.4050	 1057.0576	 3587.0371	11403.2238	10178.5823	 4497.0280	  994.2523	 4025.4982	 1630.3879	 3145.5266	 9249.7844	 8837.4298	 2197.5363	    0.0000	10520.6651	 9944.9858	 3543.5331	 8311.5918	19322.0247	 1745.2019	12598.4718	17244.2907	 9184.6537	 9471.6615	 9676.4419	  574.4626	 1297.8976	 2536.4202	 8617.9822	14694.8092	16235.1095	18300.2334	 1215.9644
 1590.8168	12117.2436	  798.0024	15658.8414	 7719.5213	 1864.4327	10251.9747	 9061.9017	 1555.4855	 6579.7106	  571.8248	11944.9269	 8357.2550	 8671.6971	  327.9395	  610.6753	 9761.9275	 1703.3063	 1693.0778	16190.1584	  700.8695	  528.3769	 7398.9737	 2171.8990	 9291.6545	11577.5390	 7160.1300	 2108.4190	 1135.0052	 9171.1462	 9549.5688	 8823.9900	 8951.6510	 8337.1891	 1352.1762	 1798.1478	 8323.8382	10520.6651	    0.0000	 1317.1716	 6983.1739	18563.6912	10191.1742	10925.1397	 2256.7224	10496.1131	 1569.2447	 1460.5628	 1161.1016	10502.5661	 9223.6846	 9541.5695	 1963.0606	 7439.9102	11282.6723	 7853.7427	 9511.4355
 2482.1165	13120.9711	 1746.6648	14837.0348	 7207.3336	 2466.0160	11056.1331	10116.5485	 1424.7874	 6010.4209	 1820.7139	12826.7689	 7447.2651	 9040.3052	 1343.4210	  767.0820	10176.7950	 2980.6585	  693.2622	14873.0016	 2017.9462	 1366.0692	 8211.9501	 2945.9516	 8443.1937	10987.1155	 6905.7087	 1638.2422	 2281.5236	 7989.4058	 8951.2053	 7709.0616	 8321.2270	 8257.1946	 1001.7989	 2122.0272	 7777.0716	 9944.9858	 1317.1716	    0.0000	 6517.5893	17339.4078	10773.9446	10053.2231	 3346.9379	11482.1187	 2143.9600	 2250.6015	  471.7127	10035.5934	 8679.9392	 8590.9335	 2123.5282	 7041.8415	12360.8253	 8364.3883	 8829.6626
 6057.3966	17071.2840	 6410.9297	 8726.7421	  749.5858	 5507.1032	16846.8690	14954.9480	 5441.5918	11474.7200	 6897.9971	17703.5910	 2599.4974	15557.8229	 6678.2942	 6575.6676	16693.1615	 8182.2942	 5825.8041	11114.3442	 7268.1594	 7444.8431	14222.4598	 5643.8984	 2931.4602	 4598.2245	  981.7860	 8082.3669	 6660.0777	 4798.8351	 2598.6571	 4085.2260	 2064.3535	 2354.0003	 5741.8428	 5298.0477	 1364.0424	 3543.5331	 6983.1739	 6517.5893	    0.0000	11844.8639	17158.1764	 4359.9558	 9066.6278	16328.6278	 5652.5373	 5950.2733	 6200.1305	 3536.7163	 2245.9901	 3534.5037	 5075.3377	12703.6481	16238.9276	14828.8557	 2667.9448
17832.4008	 9342.6244	18239.8591	 3125.5573	11096.2451	17320.3011	11114.6172	12402.4192	17110.0912	13355.7950	18719.5297	 9473.7120	10256.5456	12350.4756	18366.9912	17960.0268	11331.0997	19634.7026	16876.3323	 2644.8762	19095.5093	18686.0534	13935.6629	17296.4552	 9355.9326	 7267.5760	11821.3618	17291.6561	18473.9006	 9395.7973	 9247.1373	 9740.4291	 9813.2171	10830.4799	17235.2721	17140.6224	10482.5909	 8311.5918	18563.6912	17339.4078	11844.8639	    0.0000	11037.4343	 7725.7926	19129.8865	10952.5379	17496.0442	17777.6236	17410.1145	 8411.2238	 9603.6503	 9063.8426	16907.8396	12747.0467	10190.4995	13263.0958	 9230.7804
11118.2424	 3301.7553	10747.4787	14156.4612	17904.6766	11662.3440	 1272.1196	 3125.6966	11742.2852	 6888.9627	10260.4383	 2559.8416	17513.3910	 1975.5178	10490.2926	10628.3457	 1019.1623	 8986.8373	11464.8360	11503.8659	 9890.0279	 9745.5799	 2984.2433	11561.7683	18351.3804	18268.5172	17031.8898	 9307.8842	10505.7798	15788.5409	19719.7172	16341.5968	19079.3178	17231.0776	11467.6360	11860.1684	18514.3132	19322.0247	10191.1742	10773.9446	17158.1764	11037.4343	    0.0000	18080.6125	 8092.7646	 2506.3473	11507.5847	11214.5491	11042.8145	19065.2037	19396.2661	17766.1042	12083.4580	 5755.2281	 3407.8575	 2414.2839	19363.4046
10318.8116	16799.5715	10522.6567	 4786.6815	 3647.1370	 9758.0328	18817.2060	18716.4110	 9393.8503	12381.7938	10995.0283	17156.8661	 2606.3482	17158.6723	10668.4620	10394.1106	17415.5299	12381.0402	 9404.4169	 6764.8762	11370.3702	11283.8931	18251.5108	 9963.2940	 1633.6206	 1816.2327	 4764.1110	11253.3130	10873.6569	 3121.7352	 2028.8372	 2865.6913	 2340.8257	 4729.5553	 9577.3167	 9463.3399	 3073.8657	 1745.2019	10925.1397	10053.2231	 4359.9558	 7725.7926	18080.6125	    0.0000	13164.1518	18364.9453	 9846.7013	10172.4341	 9899.0238	 2309.1788	 2442.4097	 1520.9992	 9213.7367	13312.6309	17287.4268	17535.8119	 1747.4133
 3059.2228	 9864.0623	 2667.9292	17781.5965	 9815.3047	 3583.3287	 8029.4640	 6814.6978	 3770.3798	 6310.3231	 2184.4853	 9693.9298	10611.4230	 6812.8501	 2497.2643	 2828.8170	 7814.0234	  962.6167	 3892.4240	17448.7540	 1809.0095	 1988.8752	 5198.8204	 3571.8047	11531.3762	13640.5678	 9077.1033	 2957.3204	 2425.6153	11336.0754	11664.4361	11041.9851	11097.4886	10026.0878	 3608.2552	 3770.7956	10428.9829	12598.4718	 2256.7224	 3346.9379	 9066.6278	19129.8865	 8092.7646	13164.1518	    0.0000	 8239.8287	 3414.8835	 3128.4989	 3364.0020	12490.0732	11307.2950	11797.8327	 4002.2713	 6764.1901	 9047.1546	 5882.9733	11678.5349
10854.7426	 1638.8784	10790.3754	13706.4040	16871.0269	11409.4080	 1242.2065	 1497.6375	11971.1818	 9120.9968	10343.0116	 1561.3134	18777.0940	 4161.6685	10721.1521	11062.7383	 3491.5208	 8921.7070	12099.5466	12388.6534	 9975.9677	10191.5070	 3388.3685	11111.8193	19088.5943	16713.3283	15609.5188	10378.6228	10368.7889	18288.6727	17646.4993	18747.8655	17812.1668	15077.4276	11845.9367	11773.7939	17250.3558	17244.2907	10496.1131	11482.1187	16328.6278	10952.5379	 2506.3473	18364.9453	 8239.8287	    0.0000	11379.9362	11039.1121	11584.3492	16706.0701	17374.0133	19768.7405	12034.5236	 8088.6045	 1090.1907	 4040.0360	18111.1249
  578.7259	12911.4413	  811.7176	14371.7611	 6401.6607	  326.7495	11370.9947	 9887.6925	  978.5694	 8038.0536	 1280.8834	12917.2402	 7410.3200	10138.3153	 1245.7543	 1546.0306	11191.0808	 2544.0050	 1936.8961	16066.3544	 1633.5923	 2097.6211	 8589.5818	  818.6459	 8236.3068	10230.3159	 5700.5323	 3530.4013	 1026.9570	 8670.6156	 8251.0290	 8187.8969	 7693.0161	 6800.2048	 1279.2353	  394.5484	 7015.7619	 9184.6537	 1569.2447	 2143.9600	 5652.5373	17496.0442	11507.5847	 9846.7013	 3414.8835	11379.9362	    0.0000	  344.9657	 1688.7761	 9098.0298	 7892.4509	 8606.7082	  657.5644	 8965.4436	11985.7497	 9261.5897	 8281.8478
  265.1395	12567.0546	  662.6329	14653.4363	 6699.8577	  460.5883	11047.3680	 9545.9128	 1252.9245	 8018.5888	 1067.1132	12579.0766	 7749.4803	 9894.1991	 1160.1605	 1574.2937	10929.7906	 2233.3566	 2143.0660	16405.9138	 1387.7879	 1979.4852	 8280.9316	  727.4855	 8566.8874	10512.0834	 5958.9082	 3515.5275	  710.0321	 9013.0398	 8548.4311	 8532.6326	 7999.2336	 7009.2340	 1488.9078	  738.6437	 7314.3116	 9471.6615	 1460.5628	 2250.6015	 5950.2733	17777.6236	11214.5491	10172.4341	 3128.4989	11039.1121	  344.9657	    0.0000	 1822.4268	 9366.7887	 8183.7204	 8945.1363	 1002.0944	 8899.9554	11640.7966	 8998.0272	 8591.5389
 2065.6746	13217.5209	 1385.7260	14681.2570	 6907.3527	 2007.1192	11243.2846	10177.2286	  961.0055	 6478.5001	 1563.4151	12985.2209	 7303.1475	 9366.4174	 1074.1998	  550.9409	10494.6587	 2863.8652	  533.8285	15088.2586	 1829.5790	 1393.0065	 8385.8761	 2499.4088	 8273.5353	10727.4793	 6534.4960	 2065.2314	 1946.9266	 8014.3214	 8686.4216	 7683.3187	 8065.0201	 7854.5828	  541.7610	 1650.9916	 7490.5413	 9676.4419	 1161.1016	  471.7127	 6200.1305	17410.1145	11042.8145	 9899.0238	 3364.0020	11584.3492	 1688.7761	 1822.4268	    0.0000	 9733.4909	 8396.1381	 8470.3441	 1653.6966	 7499.3282	12411.0709	 8646.7964	 8593.8471
 9431.7039	15769.9609	 9886.3602	 5293.6127	 2828.6678	 8909.0953	17938.4178	16413.5075	 8972.3754	14076.6371	10370.8393	16505.3918	 3456.2374	18991.5341	10190.7536	10111.4149	19674.9155	11557.7048	 9342.3340	 8309.9280	10731.2255	10975.3513	17304.1893	 8941.0669	 2563.7853	 1206.5995	 3414.0246	11554.3325	10065.0605	 5043.3630	 1237.0706	 4545.0388	 1854.6661	 2748.9946	 9278.4915	 8769.1657	 2266.9817	  574.4626	10502.5661	10035.5934	 3536.7163	 8411.2238	19065.2037	 2309.1788	12490.0732	16706.0701	 9098.0298	 9366.7887	 9733.4909	    0.0000	 1382.8485	 3069.6355	 8563.9964	15191.7833	15728.7755	18355.1586	 1598.1206
 8278.5293	16917.6461	 8656.2744	 6482.1362	 1504.2055	 7735.1535	18501.5573	16497.9980	 7676.0257	12878.1441	 9143.3473	17715.4897	 2331.9076	17621.6862	 8921.5698	 8798.2439	18729.8728	10410.3347	 7987.2564	 9113.7516	 9512.7639	 9676.4664	16415.0091	 7834.6747	 1725.6561	 2354.0289	 2380.4882	10178.1197	 8892.1464	 4311.8080	  417.6000	 3690.9943	  558.9970	 2364.9716	 7960.0769	 7542.1649	  905.7410	 1297.8976	 9223.6846	 8679.9392	 2245.9901	 9603.6503	19396.2661	 2442.4097	11307.2950	17374.0133	 7892.4509	 8183.7204	 8396.1381	 1382.8485	    0.0000	 2400.1925	 7321.1141	14056.3847	16626.3099	17042.2103	  779.1554
 9121.8422	18311.8447	 9218.0863	 6249.8473	 2963.1066	 8564.2503	19028.0248	18447.6325	 8047.7868	11121.5801	 9672.7395	18517.1736	 1198.0145	16090.7058	 9307.2482	 8984.4260	16778.7243	11088.9626	 7961.2719	 7718.1826	10042.7345	 9862.9402	16740.3981	 8844.0565	  697.9277	 3103.9902	 4220.0465	 9739.7465	 9624.1780	 1981.4904	 2122.9175	 1496.0245	 1973.3120	 4708.5109	 8189.6322	 8214.1160	 2557.6002	 2536.4202	 9541.5695	 8590.9335	 3534.5037	 9063.8426	17766.1042	 1520.9992	11797.8327	19768.7405	 8606.7082	 8945.1363	 8470.3441	 3069.6355	 2400.1925	    0.0000	 7955.2054	12165.4126	18734.3326	16176.6038	 1658.6436
 1218.1534	13569.0019	 1336.5757	13801.2726	 5821.3412	  733.4318	11999.7249	10543.4605	  709.5130	 8131.8982	 1823.3448	13568.0604	 6758.0377	10630.7933	 1639.9843	 1730.3883	11710.8362	 3167.6510	 1710.9994	15424.3043	 2195.6379	 2472.1854	 9196.7178	 1238.9054	 7596.6201	 9670.4293	 5199.4972	 3679.7760	 1669.6418	 8024.4515	 7667.9411	 7533.6511	 7095.3103	 6387.6915	 1128.2949	  263.6253	 6433.2479	 8617.9822	 1963.0606	 2123.5282	 5075.3377	16907.8396	12083.4580	 9213.7367	 4002.2713	12034.5236	  657.5644	 1002.0944	 1653.6966	 8563.9964	 7321.1141	 7955.2054	    0.0000	 9137.8425	12642.3412	 9791.2871	 7677.1184
 9019.2141	 9044.1375	 8237.7816	14522.9041	13114.5623	 9281.6646	 6891.1664	 7907.2580	 8460.1767	 1229.1707	 7904.6031	 8264.7967	11767.1552	 3927.1906	 7743.2905	 7442.7656	 4743.8907	 7580.8290	 7608.8623	10951.9073	 7708.1687	 6928.3089	 5727.4302	 9608.3859	12628.5264	15128.7916	13468.2998	 5460.8496	 8458.8129	10244.2023	14023.1155	10671.3432	13500.4777	14965.3910	 8040.0793	 9081.0653	13425.8379	14694.8092	 7439.9102	 7041.8415	12703.6481	12747.0467	 5755.2281	13312.6309	 6764.1901	 8088.6045	 8965.4436	 8899.9554	 7499.3282	15191.7833	14056.3847	12165.4126	 9137.8425	    0.0000	 9111.1084	 4275.7811	13608.7267
11430.5441	  971.7584	11480.4146	12764.0196	16588.8282	11966.2937	 2220.1126	 2244.9237	12682.2575	10176.6004	11062.2839	 1470.6222	18793.6210	 5196.2944	11476.8943	11872.2692	 4424.0394	 9639.9324	12939.1234	11930.2436	10708.7105	11029.5470	 4426.7446	11603.6337	18281.9520	15631.0187	15362.5018	11369.2496	11010.4822	18995.4388	16805.1136	19704.7220	17150.0832	14525.0704	12612.2517	12378.7170	16784.7037	16235.1095	11282.6723	12360.8253	16238.9276	10190.4995	 3407.8575	17287.4268	 9047.1546	 1090.1907	11985.7497	11640.7966	12411.0709	15728.7755	16626.3099	18734.3326	12642.3412	 9111.1084	    0.0000	 5127.0731	17260.1605
 8941.7556	 5384.8260	 8470.3857	16365.7236	15551.2928	 9457.0273	 3030.9845	 3632.6964	 9388.0500	 5156.0690	 7986.5833	 4778.1619	15392.2462	 1032.6952	 8164.7621	 8254.0942	 1932.0019	 6825.7638	 9056.5083	13114.1804	 7628.0053	 7384.6213	 1643.4564	 9447.0335	16420.5330	19265.9610	14956.7686	 6897.2515	 8304.1067	14414.5976	17307.6080	14717.2384	16669.9170	15812.3851	 9089.9104	 9587.2268	16137.0381	18300.2334	 7853.7427	 8364.3883	14828.8557	13263.0958	 2414.2839	17535.8119	 5882.9733	 4040.0360	 9261.5897	 8998.0272	 8646.7964	18355.1586	17042.2103	16176.6038	 9791.2871	 4275.7811	 5127.0731	    0.0000	17117.9245
 8712.0424	17368.0021	 9010.6230	 6149.2036	 1930.8062	 8156.8602	19280.5164	17268.2595	 7956.1676	12479.8623	 9494.9158	18087.8934	 1858.2900	17422.8314	 9225.7901	 9038.1017	18345.3099	10824.0776	 8145.7807	 8500.0218	 9869.8080	 9930.0012	16871.4261	 8311.0832	 1027.7719	 2179.3475	 3016.8760	10236.2264	 9301.0302	 3615.5314	  465.6681	 3038.5138	  606.1357	 3143.6022	 8200.0709	 7913.3445	 1336.2410	 1215.9644	 9511.4355	 8829.6626	 2667.9448	 9230.7804	19363.4046	 1747.4133	11678.5349	18111.1249	 8281.8478	 8591.5389	 8593.8471	 1598.1206	  779.1554	 1658.6436	 7677.1184	13608.7267	17260.1605	17117.9245	    0.0000
