"","Nimba","RiverCess","RiverGee","Sinoe","Bomi","Bong","Gbarpolu","GrandCapeMount","GrandBassa","GrandGedeh","GrandKru","Lofa","Margibi","Maryland","Montserrado","Boffa","Boke","Fria","Conakry","Dabola","Dinguiraye","Faranah","Kissidougou","Kankan","Kerouane","Kouroussa","Siguiri","Coyah","Dubreka","Forecariah","Kindia","Telimele","Mali","Tougue","Dalaba","Pita","Beyla","Gueckedou","Lola","Macenta","Nzerekore","Yamou","Kailahun","Kenema","Kono","Bombali","Kambia","Koinadugu","PortLoko","Tonkolili","Bo","Bonthe","Moyamba","Pujehun","WesternRural","WesternUrban"
"Nimba",0,-1.57129174526,-0.712464827627,-1.02160868306,-0.511854354418,-1.46004066239,-0.631425264062,-0.16213250756,-1.17596837575,-1.88418309893,-0.546838870051,-0.647109762022,-0.948632012587,-0.315198124908,-0.638446955301,1.32964664082,1.48731508711,1.2661827968,1.14536339292,0.890071137459,1.04866648138,0.605055529462,0.124576118989,0.569892059748,0.0119967115566,0.708485622833,0.937261614772,1.11585079497,1.22975750564,0.993807785771,1.0573261086,1.25935456244,1.38587877427,1.15757039569,1.10636686994,1.18912842158,-0.180080713675,-0.201508317553,-1.13539102491,-0.39845698027,-1.24324932399,-1.38959048074,-0.166551493695,-0.0357898431028,0.143937802805,0.58644392126,0.894933860797,0.635514876836,0.700003674561,0.546921116797,0.249411236102,0.375609477709,0.422014270976,0.124877583893,0.858902962582,0.891185731442
"RiverCess",-1.57129174526,0,-0.599607524807,-2.04623603203,-0.684315644475,-1.11848930964,-0.393473449532,-0.415382724577,-2.49345587883,-1.0677198127,-0.805458095197,-0.307235378891,-1.56655371524,-0.410837197298,-1.12398507047,1.34395785393,1.51446107644,1.29961210383,1.15449064097,1.0528771705,1.2155832895,0.802993375078,0.41803777498,0.863909367874,0.410668904811,0.953315983649,1.18042371219,1.13460283829,1.25312386481,1.01312417666,1.11003022079,1.32468945417,1.49006218892,1.29210329807,1.21113432337,1.2706548474,0.349669031402,0.114563297466,-0.264031610513,0.0676095235245,-0.368859767587,-0.529069474385,-0.0420842685341,0.0062859487092,0.299463976999,0.637143482505,0.906433266843,0.758173629713,0.70371057396,0.553475508282,0.239909112883,0.288935688712,0.403894754783,0.0195882316761,0.818766370275,0.850181578428
"RiverGee",-0.712464827627,-0.599607524807,0,-1.08095150483,0.418844380155,0.041488592994,0.432150052593,0.588391388735,-0.175724793167,-1.64891139718,-2.08384745652,0.427166045953,0.0775129330755,-2.34650186969,0.256410875758,1.71696376193,1.84460787285,1.67032442461,1.57231479585,1.37709460061,1.48643011016,1.1726812913,0.84717581843,1.09002068939,0.729231576508,1.2136746928,1.34942481943,1.55166964191,1.64042620743,1.45912682702,1.51183575439,1.66705035828,1.75993313805,1.57847881756,1.54761811004,1.61251582569,0.482495564044,0.661878227089,-0.00897222355186,0.516116802962,0.0268771897601,0.0369235939209,0.685135241254,0.752913566821,0.879234136825,1.16774664034,1.38363832457,1.20622413929,1.23953824916,1.13164581236,0.925233849947,0.986226362304,1.03908735074,0.816041999593,1.34240316574,1.36587306153
"Sinoe",-1.02160868306,-2.04623603203,-1.08095150483,0,-0.125808660931,-0.432061625247,0.0834705463473,0.0451339231639,-1.21757539519,-1.12151317949,-1.68323900374,0.137007151563,-0.711130307327,-1.0130173194,-0.454759999983,1.52237796771,1.67669057908,1.48422336167,1.35367561688,1.25867190304,1.39873392013,1.03940059482,0.704350027243,1.06249130796,0.6694587384,1.15385769901,1.34273939169,1.33704303164,1.44221733308,1.23065399209,1.3171151011,1.50717631008,1.65239117096,1.4720473099,1.4044213788,1.45861112596,0.558353273677,0.460828084455,0.0263602529232,0.393313424903,-0.0234402504632,-0.112412197341,0.357280793369,0.395910144785,0.627273982888,0.909661388902,1.13740899703,1.0106909265,0.963249574952,0.83715162217,0.57890000485,0.608554760586,0.711226530969,0.393910696507,1.05537821661,1.08206239602
"Bomi",-0.511854354418,-0.684315644475,0.418844380155,-0.125808660931,0,-1.63843511609,-1.68459542946,-2.60144241915,-1.23224810316,0.032747583688,0.361891570578,-1.26648769249,-1.98666391935,0.558146399835,-2.47210070137,0.819191415181,1.05458732168,0.763448663151,0.548794848627,0.551147346515,0.79526842671,0.232735205344,-0.194304468192,0.531629256598,0.0307057137399,0.558781466598,0.902877611605,0.521927015258,0.694128889633,0.340904440269,0.50260976936,0.818131885789,1.08322714534,0.851890924313,0.697730052167,0.756882029428,0.262093557126,-0.653073406401,-0.169486162814,-0.395283708297,-0.364367317073,-0.62461203082,-1.43569880816,-1.53833896991,-0.693662913027,-0.248045967751,0.173429064014,0.0374432252627,-0.161277702941,-0.425932915593,-1.06316333572,-0.941120963172,-0.720380891716,-1.59995497475,0.0345329537202,0.0864327213197
"Bong",-1.46004066239,-1.11848930964,0.041488592994,-0.432061625247,-1.63843511609,0,-1.95047496191,-0.947194626859,-1.42043258857,-0.55189155108,0.0665674864933,-1.77703462602,-1.74638251381,0.267878777581,-1.46503953308,1.02876713968,1.22181634181,0.957299464893,0.801344055717,0.579820895858,0.794617638678,0.233077844967,-0.343746737102,0.359711324042,-0.286266987956,0.45795105745,0.78013910045,0.766741350851,0.90928018462,0.612690065851,0.705282707516,0.963972373036,1.14805969415,0.89483495202,0.800968152346,0.887277806728,-0.184061349801,-0.87255215259,-0.92376087064,-0.870721932866,-1.22578747529,-1.68685419909,-1.07101864146,-0.874499017322,-0.511220074908,0.0805951714534,0.483630588217,0.192402558308,0.22420447382,0.0140583102506,-0.420922483014,-0.221148082461,-0.165177753011,-0.591239217734,0.433704961205,0.475774197431
"Gbarpolu",-0.631425264062,-0.393473449532,0.432150052593,0.0834705463473,-1.68459542946,-1.95047496191,0,-1.05900549326,-0.668220678373,-0.0355165021232,0.463987255741,-3.57416942385,-1.03136680702,0.620486021216,-1.0473724415,0.77806734142,0.995045548803,0.685875907012,0.514258628028,0.231325174042,0.50522153367,-0.20323468298,-0.926329154881,0.0845620189711,-0.636467839512,0.147899000288,0.565085954349,0.467362626952,0.63386615819,0.281600714813,0.377438457115,0.6847703108,0.903775947068,0.610646066667,0.487822044593,0.591576799141,-0.251308713932,-1.77136926378,-0.706542086131,-1.32886823171,-0.993813211956,-1.35663245165,-2.34948462032,-1.77228705824,-1.34294984485,-0.414671364652,0.129393771257,-0.29123190615,-0.187149817235,-0.459566521757,-1.01142134465,-0.618141349489,-0.65993271068,-1.02161627051,0.115732757226,0.167226967192
"GrandCapeMount",-0.16213250756,-0.415382724577,0.588391388735,0.0451339231639,-2.60144241915,-0.947194626859,-1.05900549326,0,-0.913313128397,0.275896560864,0.504274530111,-0.758610564422,-1.47452333269,0.693495607192,-2.04938991727,0.743681986322,0.999141605614,0.705288115797,0.457724754142,0.614436468611,0.857731439864,0.336271851446,0.0148483440547,0.678446817684,0.259281408841,0.678800801127,1.01173934453,0.440685249062,0.623521623699,0.25462765842,0.45897874354,0.792803520937,1.09619627916,0.88874018211,0.708721252065,0.746272589172,0.494658664324,-0.349360539307,0.144617695591,-0.0826953854068,-0.0144034072502,-0.219794720744,-1.10934044192,-1.38269012804,-0.532522826197,-0.292705784992,0.072081082985,0.0789706942391,-0.282955912641,-0.544668287354,-1.18894673424,-1.30566243579,-0.889556498877,-2.09160816274,-0.145775366623,-0.0913886243671
"GrandBassa",-1.17596837575,-2.49345587883,-0.175724793167,-1.21757539519,-1.23224810316,-1.42043258857,-0.668220678373,-0.913313128397,0,-0.587397567344,-0.342475134799,-0.517505119157,-2.78353866428,-0.0319877670579,-1.99137197009,1.2083470629,1.39649755233,1.16575216745,1.00005010683,0.94876379097,1.13075060005,0.687745035183,0.299942001072,0.812645318365,0.351148073229,0.88294426468,1.13904312782,0.980946799755,1.11203070718,0.847278487841,0.964855117332,1.20393493321,1.39923760629,1.19817079636,1.09590206928,1.15131351374,0.372582377478,-0.0390194610783,-0.193088287191,-0.0161379615105,-0.33401849146,-0.540240431542,-0.312756101832,-0.292511219536,0.0967833594353,0.437763073638,0.72662779387,0.602240901812,0.497235809242,0.327877665878,-0.0387023703667,-0.00405524126041,0.148693867239,-0.329885996755,0.615311183685,0.650412545692
"GrandGedeh",-1.88418309893,-1.0677198127,-1.64891139718,-1.12151317949,0.032747583688,-0.55189155108,-0.0355165021232,0.275896560864,-0.587397567344,0,-1.07972092485,-0.0594212457073,-0.334327883893,-0.905981934937,-0.105797273149,1.5291204547,1.66762748104,1.47171796441,1.36813014117,1.11735761573,1.24504002047,0.874158723552,0.472296548777,0.781815039906,0.325415212598,0.925689262029,1.09641158924,1.34204149326,1.44081535195,1.23685180379,1.28827418548,1.46082577187,1.55970285154,1.35175475034,1.31924288025,1.39640498925,0.0381030882092,0.238754047475,-0.693915951962,0.0402363701747,-0.65709626381,-0.644958079993,0.299879045509,0.400563451732,0.529256451328,0.892864659572,1.15278471276,0.922756615618,0.988753324212,0.862043896598,0.621659202809,0.717600453869,0.759806554356,0.516651044111,1.12143989122,1.14881435127
"GrandKru",-0.546838870051,-0.805458095197,-2.08384745652,-1.68323900374,0.361891570578,0.0665674864933,0.463987255741,0.504274530111,-0.342475134799,-1.07972092485,0,0.484711406787,-0.035695428158,-2.69314676853,0.143860833789,1.7108965346,1.84569215198,1.67246954157,1.56277009778,1.43257126191,1.54912093405,1.23515943853,0.929913591627,1.20292253004,0.855643478836,1.30524139199,1.45412403393,1.54608885363,1.63773131821,1.45288688344,1.52039077205,1.68382863389,1.79793005178,1.62720599074,1.58048471555,1.6358743205,0.680870500682,0.735213158957,0.219322519117,0.63483828281,0.219065010868,0.189897615827,0.699374085978,0.745746085252,0.910323838187,1.16998258878,1.37351397686,1.23708023377,1.2252294093,1.11753615137,0.904427794545,0.940400775729,1.01593779412,0.7665816241,1.31165338686,1.33477114706
"Lofa",-0.647109762022,-0.307235378891,0.427166045953,0.137007151563,-1.26648769249,-1.77703462602,-3.57416942385,-0.758610564422,-0.517505119157,-0.0594212457073,0.484711406787,0,-0.804029702833,0.628896491103,-0.782081686853,0.804546344821,1.0092675572,0.704003618442,0.552412557368,0.166618882733,0.438922565631,-0.300147531479,-1.16053272664,-0.0631061342512,-0.900345581579,0.027131115406,0.460754164075,0.501517333384,0.659490713562,0.323180207119,0.392506030002,0.68325743879,0.875283571043,0.56513943512,0.463501146199,0.581395132891,-0.459007393824,-2.19526809788,-0.918832601416,-1.77561609745,-1.2436066138,-1.63015000525,-2.03301323049,-1.45913213614,-1.3490734056,-0.355224155183,0.183943000784,-0.312765788825,-0.105827568761,-0.355765504761,-0.816418093542,-0.431516824545,-0.512180094553,-0.758006633136,0.202760000323,0.251295295094
"Margibi",-0.948632012587,-1.56655371524,0.0775129330755,-0.711130307327,-1.98666391935,-1.74638251381,-1.03136680702,-1.47452333269,-2.78353866428,-0.334327883893,-0.035695428158,-0.804029702833,0,0.22038671248,-3.31061262509,1.07158775916,1.27582572672,1.0258326167,0.843252404407,0.813067548634,1.01530556264,0.53312909456,0.12753583844,0.712922472255,0.231369738871,0.770040005697,1.0563248664,0.822334523855,0.966609095814,0.674131648545,0.806972379825,1.07065432049,1.2897484654,1.07911517754,0.959693108121,1.0157746028,0.323863278457,-0.255691349735,-0.210276717527,-0.166488933121,-0.380854607998,-0.624234788524,-0.654668750171,-0.655265139297,-0.156991171868,0.214007547003,0.538889068697,0.414761643884,0.278399865938,0.0829778234367,-0.353027287989,-0.308338815232,-0.128517817942,-0.71417255717,0.414853043416,0.454857211848
"Maryland",-0.315198124908,-0.410837197298,-2.34650186969,-1.0130173194,0.558146399835,0.267878777581,0.620486021216,0.693495607192,-0.0319877670579,-0.905981934937,-2.69314676853,0.628896491103,0.22038671248,0,0.378048469047,1.79411932651,1.9200908055,1.75466462424,1.65466866766,1.50437148819,1.61021955108,1.31607068107,1.02330345802,1.25782754313,0.931970796286,1.36556371448,1.49558950725,1.6375314162,1.72340952388,1.54965591532,1.60806862913,1.75974605673,1.85867868526,1.69129640222,1.65474237546,1.71143815869,0.729930594197,0.849458487331,0.309149283348,0.736222551072,0.328794375563,0.323027710099,0.841236747639,0.891381492483,1.02861220661,1.28097201643,1.47615533376,1.33245797928,1.3383309233,1.23765207107,1.04200149231,1.08261042562,1.1460155837,0.923537955788,1.42435424907,1.44615944124
"Montserrado",-0.638446955301,-1.12398507047,0.256410875758,-0.454759999983,-2.47210070137,-1.46503953308,-1.0473724415,-2.04938991727,-1.99137197009,-0.105797273149,0.143860833789,-0.782081686853,-3.31061262509,0.378048469047,0,0.987301269769,1.2051385789,0.945380641706,0.745055606127,0.773151817009,0.985997479933,0.495780941376,0.115951754013,0.723064423777,0.262827919546,0.762574271246,1.06110740322,0.726138755712,0.879796949739,0.569473263165,0.722124279162,1.00353748386,1.24667314038,1.03923445867,0.902555866174,0.952157685939,0.400954368563,-0.263881764256,-0.0681165514059,-0.117833949659,-0.234516703029,-0.465403829589,-0.771946842374,-0.834210084254,-0.243088845174,0.0933186234945,0.422892396562,0.33862985991,0.141306660503,-0.0675571936898,-0.547584344602,-0.540252161322,-0.308398429729,-1.00916637902,0.27202333961,0.314896575512
"Boffa",1.32964664082,1.34395785393,1.71696376193,1.52237796771,0.819191415181,1.02876713968,0.77806734142,0.743681986322,1.2083470629,1.5291204547,1.7108965346,0.804546344821,1.07158775916,1.79411932651,0.987301269769,0,-1.96825588617,-2.77182929434,-2.1429163644,0.104574509163,0.298354943254,0.270283840469,0.602273075089,0.846579979307,0.881668126849,0.648216621066,0.935709310773,-1.98630273786,-3.02879431972,-1.32159753252,-1.36850870728,-1.30134886358,-0.113173038954,0.0140774700792,-0.507450767591,-0.916755914318,1.20621593565,0.672449708564,1.23406829473,0.889139005688,1.16776847746,1.10959781541,0.536009657984,0.454574856081,0.336843404483,-0.246930004395,-0.936895686844,-0.138805375917,-0.424648700102,-0.157275429676,0.234436318826,0.229384091081,0.0529454488595,0.45035990232,-0.557080754554,-0.611227431624
"Boke",1.48731508711,1.51446107644,1.84460787285,1.67669057908,1.05458732168,1.22181634181,0.995045548803,0.999141605614,1.39649755233,1.66762748104,1.84569215198,1.0092675572,1.27582572672,1.9200908055,1.2051385789,-1.96825588617,0,-1.77868336057,-0.974800247225,0.205646201636,0.317143779238,0.433076240925,0.779780784985,0.933989575796,1.02023203963,0.731135669819,0.967671466438,-0.949360785802,-1.49475885933,-0.572919097627,-0.803234076762,-1.29289054445,-0.312944609477,-0.00766706173669,-0.429897377174,-0.852491738573,1.32178149501,0.871343096252,1.37547073925,1.05428737683,1.31908439711,1.27284885714,0.788771828819,0.732073389672,0.597133413273,0.149311718598,-0.308939969748,0.145940755158,0.0541749102155,0.25065166147,0.561929440832,0.576158070948,0.42219273296,0.751011770396,-0.00853382187529,-0.045036837669
"Fria",1.2661827968,1.29961210383,1.67032442461,1.48422336167,0.763448663151,0.957299464893,0.685875907012,0.705288115797,1.16575216745,1.47171796441,1.67246954157,0.704003618442,1.0258326167,1.75466462424,0.945380641706,-2.77182929434,-1.77868336057,0,-2.09541783369,-0.176618395534,0.0459604329675,0.0415273860024,0.443238804971,0.683100147828,0.743222009369,0.457178952454,0.772367957906,-2.22451585417,-3.59371217065,-1.53010691569,-2.01813476321,-2.06089042079,-0.40271453008,-0.289992884489,-0.950240788429,-1.51102499076,1.09557476757,0.541665432174,1.14305240647,0.768381500472,1.07600125215,1.01988803845,0.431872307567,0.362651007521,0.190741685195,-0.416762487528,-1.07284147326,-0.39626729721,-0.529613260404,-0.261169972636,0.151631905187,0.190434698944,-0.0252104924782,0.401047469292,-0.535448209657,-0.572129810037
"Conakry",1.14536339292,1.15449064097,1.57231479585,1.35367561688,0.548794848627,0.801344055717,0.514258628028,0.457724754142,1.00005010683,1.36813014117,1.56277009778,0.552412557368,0.843252404407,1.65466866766,0.745055606127,-2.1429163644,-0.974800247225,-2.09541783369,0,-0.0437403196471,0.228899106572,0.0487460513259,0.367708803809,0.709405022394,0.694489701527,0.513311286644,0.853395503132,-4.18481690241,-2.86219043505,-2.65389739591,-1.92219215359,-1.09824867221,0.0102580355035,-0.00869215154371,-0.579218051317,-0.891099554979,1.05030510225,0.418457357725,1.05675254232,0.676630212647,0.979420524129,0.908803877837,0.223695085657,0.114743289686,0.00325169478281,-0.781694782058,-1.93091105557,-0.509622787916,-1.08456526113,-0.693175924315,-0.169926361149,-0.179270811723,-0.410589342409,0.0998211971312,-1.2588069823,-1.32894350093
"Dabola",0.890071137459,1.0528771705,1.37709460061,1.25867190304,0.551147346515,0.579820895858,0.231325174042,0.614436468611,0.94876379097,1.11735761573,1.43257126191,0.166618882733,0.813067548634,1.50437148819,0.773151817009,0.104574509163,0.205646201636,-0.176618395534,-0.0437403196471,0,-2.22373671395,-2.00194489766,-0.641653255672,-0.662727408847,-0.254526908698,-1.29913982356,-0.492104845315,-0.16782906106,-0.108017790623,-0.251549522116,-0.626471893567,-0.58629641633,-0.693822405893,-1.82639642612,-1.55989153259,-0.949133851827,0.327242211604,-0.225009142753,0.558499522396,-0.0122620354051,0.498037946699,0.473922916413,0.00989061323438,0.078488226553,-0.428537819729,-0.454569110091,-0.2090901458,-1.28189461868,-0.154567154838,-0.135318200752,0.0601456072404,0.29836615023,0.0299007757204,0.360194441661,0.176636446779,0.198044390724
"Dinguiraye",1.04866648138,1.2155832895,1.48643011016,1.39873392013,0.79526842671,0.794617638678,0.50522153367,0.857731439864,1.13075060005,1.24504002047,1.54912093405,0.438922565631,1.01530556264,1.61021955108,0.985997479933,0.298354943254,0.317143779238,0.0459604329675,0.228899106572,-2.22373671395,0,-1.13155611377,-0.261139571427,-0.621421363053,-0.0401793615052,-1.26047149262,-0.774580236683,0.126491418274,0.134237869879,0.0925313582027,-0.250861308378,-0.386269628035,-0.930115532863,-2.2978359922,-1.17971383202,-0.692136415415,0.439312262931,0.103661202567,0.711888294948,0.231128372055,0.670713225319,0.665482865761,0.341632012075,0.407768761531,0.000270339528427,-0.00252144452192,0.150451997232,-0.578117996037,0.219942907896,0.244208091039,0.401701709168,0.597539407141,0.378086386948,0.647127646853,0.476330834727,0.49115223931
"Faranah",0.605055529462,0.802993375078,1.1726812913,1.03940059482,0.232735205344,0.233077844967,-0.20323468298,0.336271851446,0.687745035183,0.874158723552,1.23515943853,-0.300147531479,0.53312909456,1.31607068107,0.495780941376,0.270283840469,0.433076240925,0.0415273860024,0.0487460513259,-2.00194489766,-1.13155611377,0,-1.52244358023,-1.01384227003,-0.822958255162,-1.54762508278,-0.45929328347,-0.063188304002,0.0600245618876,-0.216407249215,-0.434273065615,-0.201500438431,-0.118987608108,-0.805149753151,-0.825498645925,-0.457973475168,-0.0217812732404,-0.858426098724,0.213024093605,-0.544095448669,0.130891904918,0.0948186305908,-0.458202572585,-0.327934786494,-1.05013150302,-0.735118939268,-0.251471021706,-1.73448901961,-0.323818638606,-0.388469294495,-0.273894420963,0.0479067826293,-0.25110684905,0.0680612432485,0.081863010654,0.115858509378
"Kissidougou",0.124576118989,0.41803777498,0.84717581843,0.704350027243,-0.194304468192,-0.343746737102,-0.926329154881,0.0148483440547,0.299942001072,0.472296548777,0.929913591627,-1.16053272664,0.12753583844,1.02330345802,0.115951754013,0.602273075089,0.779780784985,0.443238804971,0.367708803809,-0.641653255672,-0.261139571427,-1.52244358023,0,-1.03649894658,-1.98044920415,-0.991921163073,-0.21070028163,0.287818214387,0.428878323223,0.118168015425,0.0609544058267,0.321923653792,0.43556469762,-0.0202301978009,-0.0561637119274,0.157498991283,-0.634994937655,-2.33718518542,-0.431833754704,-1.7833450735,-0.567024766721,-0.624108218169,-1.06275259775,-0.749783013671,-1.57637130606,-0.552374438996,0.0235030451842,-0.979433517603,-0.173768747185,-0.34507501468,-0.476368394988,-0.0884003558099,-0.330182461581,-0.187362986874,0.207460660653,0.249480923715
"Kankan",0.569892059748,0.863909367874,1.09002068939,1.06249130796,0.531629256598,0.359711324042,0.0845620189711,0.678446817684,0.812645318365,0.781815039906,1.20292253004,-0.0631061342512,0.712922472255,1.25782754313,0.723064423777,0.846579979307,0.933989575796,0.683100147828,0.709405022394,-0.662727408847,-0.621421363053,-1.01384227003,-1.03649894658,0,-1.36640306559,-2.3705403266,-1.5554108166,0.635518060904,0.706653419182,0.540924278466,0.397151124863,0.480700309809,0.336924692932,-0.166171481932,0.057666138581,0.30602296572,-0.646870241407,-0.500622831812,-0.0241735012237,-0.625031750664,-0.0368461250998,0.0215792189576,0.0570272569594,0.218231199109,-0.211843491201,0.19082675188,0.51436837049,-0.241328041846,0.442777848487,0.369966324556,0.352542523011,0.593505181141,0.417260988585,0.54720254216,0.71201467078,0.737840339143
"Kerouane",0.0119967115566,0.410668904811,0.729231576508,0.6694587384,0.0307057137399,-0.286266987956,-0.636467839512,0.259281408841,0.351148073229,0.325415212598,0.855643478836,-0.900345581579,0.231369738871,0.931970796286,0.262827919546,0.881668126849,1.02023203963,0.743222009369,0.694489701527,-0.254526908698,-0.0401793615052,-0.822958255162,-1.98044920415,-1.36640306559,0,-0.926974921298,-0.354187271045,0.628243587983,0.737659802326,0.496089243472,0.436650379045,0.619781717965,0.642646875973,0.233122826352,0.282274548553,0.475067234028,-1.48806172161,-1.52317740426,-0.843011686081,-2.1743416041,-0.914178420691,-0.842144841417,-0.532951990856,-0.270127543588,-0.713841380995,-0.00714526932153,0.423970991973,-0.313535036593,0.268633460705,0.131472079184,-0.0111543766346,0.282939695204,0.122326432098,0.164226120469,0.56389687264,0.598322975618
"Kouroussa",0.708485622833,0.953315983649,1.2136746928,1.15385769901,0.558781466598,0.45795105745,0.147899000288,0.678800801127,0.88294426468,0.925689262029,1.30524139199,0.027131115406,0.770040005697,1.36556371448,0.762574271246,0.648216621066,0.731135669819,0.457178952454,0.513311286644,-1.29913982356,-1.26047149262,-1.54762508278,-0.991921163073,-2.3705403266,-0.926974921298,0,-1.56448840411,0.427819670786,0.493347268206,0.33713502645,0.140710565468,0.20348701838,0.0152005180724,-0.628227866412,-0.319588346825,-0.00806360501656,-0.224537254256,-0.42203023095,0.219658620506,-0.393787453044,0.185479882048,0.208744507809,0.0482337295855,0.184706574794,-0.295226596774,0.0144031760355,0.327129652412,-0.533735866024,0.285424236909,0.234491427429,0.27577240089,0.520579040949,0.314792574637,0.506432156996,0.573144048309,0.597817557262
"Siguiri",0.937261614772,1.18042371219,1.34942481943,1.34273939169,0.902877611605,0.78013910045,0.565085954349,1.01173934453,1.13904312782,1.09641158924,1.45412403393,0.460754164075,1.0563248664,1.49558950725,1.06110740322,0.935709310773,0.967671466438,0.772367957906,0.853395503132,-0.492104845315,-0.774580236683,-0.45929328347,-0.21070028163,-1.5554108166,-0.354187271045,-1.56448840411,0,0.78386117261,0.816598139201,0.728011799926,0.548769662828,0.530044473268,0.206898454741,-0.260052023714,0.119138042883,0.361194481611,-0.0257986351747,0.147869797616,0.467259113914,0.0833022811015,0.470348325171,0.521740870096,0.521401225114,0.632613728377,0.290748826626,0.515558418656,0.73292204119,0.125883714343,0.715363824004,0.681668829137,0.711748704231,0.902497810463,0.743769663402,0.885800089197,0.936636176148,0.955003283878
"Coyah",1.11585079497,1.13460283829,1.55166964191,1.33704303164,0.521927015258,0.766741350851,0.467362626952,0.440685249062,0.980946799755,1.34204149326,1.54608885363,0.501517333384,0.822334523855,1.6375314162,0.726138755712,-1.98630273786,-0.949360785802,-2.22451585417,-4.18481690241,-0.16782906106,0.126491418274,-0.063188304002,0.287818214387,0.635518060904,0.628243587983,0.427819670786,0.78386117261,0,-2.92676759667,-3.03643191553,-2.36125792886,-1.26755746023,-0.0810433563272,-0.122723011265,-0.745367104708,-1.07388318188,0.998968139111,0.351494545217,1.01382522791,0.617380194295,0.93570567461,0.865642901848,0.167920005398,0.0648985867644,-0.0781071376135,-0.899553546117,-2.07570918104,-0.659067942497,-1.16072182806,-0.760862223276,-0.216495098879,-0.196540209776,-0.455929679411,0.0759189256877,-1.21350891842,-1.26449641905
"Dubreka",1.22975750564,1.25312386481,1.64042620743,1.44221733308,0.694128889633,0.90928018462,0.63386615819,0.623521623699,1.11203070718,1.44081535195,1.63773131821,0.659490713562,0.966609095814,1.72340952388,0.879796949739,-3.02879431972,-1.49475885933,-3.59371217065,-2.86219043505,-0.108017790623,0.134237869879,0.0600245618876,0.428878323223,0.706653419182,0.737659802326,0.493347268206,0.816598139201,-2.92676759667,0,-1.8876160443,-2.05217406759,-1.60311466782,-0.217295669098,-0.159737909227,-0.781563164021,-1.22923263395,1.08955428305,0.508846055709,1.12092655038,0.746265064588,1.05027905675,0.988888708142,0.367925345354,0.284475338515,0.135770306754,-0.532786213809,-1.34047699256,-0.424166983775,-0.706618166382,-0.39955450304,0.0483484992306,0.0687773410267,-0.149538536157,0.302359806912,-0.76725915749,-0.814690260708
"Forecariah",0.993807785771,1.01312417666,1.45912682702,1.23065399209,0.340904440269,0.612690065851,0.281600714813,0.25462765842,0.847278487841,1.23685180379,1.45288688344,0.323180207119,0.674131648545,1.54965591532,0.569473263165,-1.32159753252,-0.572919097627,-1.53010691569,-2.65389739591,-0.251549522116,0.0925313582027,-0.216407249215,0.118168015425,0.540924278466,0.496089243472,0.33713502645,0.728011799926,-3.03643191553,-1.8876160443,0,-2.28007273839,-0.997315897684,0.0119744659944,-0.113175947917,-0.71821129581,-0.930254076274,0.890957770055,0.167545479086,0.892380289645,0.466932772072,0.806290005631,0.727532331971,-0.0594403460535,-0.181952556577,-0.33188502713,-1.37091216526,-3.2927946954,-0.943477147219,-1.74105783532,-1.19834214077,-0.514921957878,-0.474034223505,-0.804702580596,-0.162470874722,-1.6270451452,-1.65227199568
"Kindia",1.0573261086,1.11003022079,1.51183575439,1.3171151011,0.50260976936,0.705282707516,0.377438457115,0.45897874354,0.964855117332,1.28827418548,1.52039077205,0.392506030002,0.806972379825,1.60806862913,0.722124279162,-1.36850870728,-0.803234076762,-2.01813476321,-1.92219215359,-0.626471893567,-0.250861308378,-0.434273065615,0.0609544058267,0.397151124863,0.436650379045,0.140710565468,0.548769662828,-2.36125792886,-2.05217406759,-2.28007273839,0,-1.83873321805,-0.42084888572,-0.559511347064,-1.43816068316,-1.82270874443,0.853843289507,0.183896077638,0.906100791808,0.461908731943,0.828739533276,0.764864649573,0.0688398650295,0.000277482915703,-0.260062931591,-1.06115362458,-1.72817483703,-1.11257586505,-1.07177522053,-0.755654905186,-0.235011719333,-0.123378702272,-0.434555320312,0.100655291735,-0.826639090353,-0.8338390667
"Telimele",1.25935456244,1.32468945417,1.66705035828,1.50717631008,0.818131885789,0.963972373036,0.6847703108,0.792803520937,1.20393493321,1.46082577187,1.68382863389,0.68325743879,1.07065432049,1.75974605673,1.00353748386,-1.30134886358,-1.29289054445,-2.06089042079,-1.09824867221,-0.58629641633,-0.386269628035,-0.201500438431,0.321923653792,0.480700309809,0.619781717965,0.20348701838,0.530044473268,-1.26755746023,-1.60311466782,-0.997315897684,-1.83873321805,0,-1.08516105171,-0.88830989988,-1.82295293445,-3.1234408382,0.996420614965,0.477460640032,1.08916959723,0.690726905998,1.02783135407,0.982705470964,0.445244972267,0.41009481624,0.161877753708,-0.327257573039,-0.690136681915,-0.535122168397,-0.302939703831,-0.106034986583,0.250579851497,0.34512286782,0.114544683642,0.510425507706,-0.175055140491,-0.188946317485
"Mali",1.38587877427,1.49006218892,1.75993313805,1.65239117096,1.08322714534,1.14805969415,0.903775947068,1.09619627916,1.39923760629,1.55970285154,1.79793005178,0.875283571043,1.2897484654,1.85867868526,1.24667314038,-0.113173038954,-0.312944609477,-0.40271453008,0.0102580355035,-0.693822405893,-0.930115532863,-0.118987608108,0.43556469762,0.336924692932,0.642646875973,0.0152005180724,0.206898454741,-0.0810433563272,-0.217295669098,0.0119744659944,-0.42084888572,-1.08516105171,0,-1.72309175199,-1.3523070782,-1.27833697007,0.989712232239,0.647982987785,1.15888812059,0.788835086355,1.11707978326,1.09769668275,0.730545776469,0.741082597763,0.467005643266,0.247005564744,0.155728576726,-0.0868370043706,0.34632604122,0.442722860688,0.665626374938,0.784010702679,0.594064358367,0.881029329046,0.494799579084,0.492735033945
"Tougue",1.15757039569,1.29210329807,1.57847881756,1.4720473099,0.851890924313,0.89483495202,0.610646066667,0.88874018211,1.19817079636,1.35175475034,1.62720599074,0.56513943512,1.07911517754,1.69129640222,1.03923445867,0.0140774700792,-0.00766706173669,-0.289992884489,-0.00869215154371,-1.82639642612,-2.2978359922,-0.805149753151,-0.0202301978009,-0.166171481932,0.233122826352,-0.628227866412,-0.260052023714,-0.122723011265,-0.159737909227,-0.113175947917,-0.559511347064,-0.88830989988,-1.72309175199,0,-1.92773318739,-1.2901495921,0.667205924715,0.272341910206,0.877301929549,0.430408610724,0.830670216036,0.813027026905,0.42269210955,0.45856662959,0.0928631260686,-0.0556834706023,-0.00908183936367,-0.580843101794,0.128926789163,0.195221909868,0.408423059555,0.578478478788,0.354251979716,0.659133401218,0.362168836967,0.370967531739
"Dalaba",1.10636686994,1.21113432337,1.54761811004,1.4044213788,0.697730052167,0.800968152346,0.487822044593,0.708721252065,1.09590206928,1.31924288025,1.58048471555,0.463501146199,0.959693108121,1.65474237546,0.902555866174,-0.507450767591,-0.429897377174,-0.950240788429,-0.579218051317,-1.55989153259,-1.17971383202,-0.825498645925,-0.0561637119274,0.057666138581,0.282274548553,-0.319588346825,0.119138042883,-0.745367104708,-0.781563164021,-0.71821129581,-1.43816068316,-1.82295293445,-1.3523070782,-1.92773318739,0,-2.75666289429,0.730595828235,0.185865837968,0.873795201197,0.408579688238,0.812084814743,0.773843508084,0.243478364884,0.24629211705,-0.118037349289,-0.48237276423,-0.545634160115,-1.01874192099,-0.305713247477,-0.178858124254,0.135336717159,0.301651925273,0.0369062633537,0.428175660702,-0.0431282739948,-0.0367831446419
"Pita",1.18912842158,1.2706548474,1.61251582569,1.45861112596,0.756882029428,0.887277806728,0.591576799141,0.746272589172,1.15131351374,1.39640498925,1.6358743205,0.581395132891,1.0157746028,1.71143815869,0.952157685939,-0.916755914318,-0.852491738573,-1.51102499076,-0.891099554979,-0.949133851827,-0.692136415415,-0.457973475168,0.157498991283,0.30602296572,0.475067234028,-0.00806360501656,0.361194481611,-1.07388318188,-1.22923263395,-0.930254076274,-1.82270874443,-3.1234408382,-1.27833697007,-1.2901495921,-2.75666289429,0,0.881750525497,0.345950552152,0.99370712275,0.566227821764,0.931630517276,0.888615311458,0.346291779319,0.325298806398,0.0272904509003,-0.431165872343,-0.674380729449,-0.770615728841,-0.339387616052,-0.166360620779,0.182174739594,0.309220341312,0.0586991556543,0.460786070126,-0.141977035847,-0.14610107936
"Beyla",-0.180080713675,0.349669031402,0.482495564044,0.558353273677,0.262093557126,-0.184061349801,-0.251308713932,0.494658664324,0.372582377478,0.0381030882092,0.680870500682,-0.459007393824,0.323863278457,0.729930594197,0.400954368563,1.20621593565,1.32178149501,1.09557476757,1.05030510225,0.327242211604,0.439312262931,-0.0217812732404,-0.634994937655,-0.646870241407,-1.48806172161,-0.224537254256,-0.0257986351747,0.998968139111,1.08955428305,0.890957770055,0.853843289507,0.996420614965,0.989712232239,0.667205924715,0.730595828235,0.881750525497,0,-0.611233963726,-1.45416885616,-1.26584620772,-1.26167396888,-0.950210787092,-0.024819284482,0.178258547937,-0.0321194884987,0.492315279134,0.827575840145,0.306938650373,0.691002834802,0.572180650398,0.414321066366,0.631323388169,0.539037685718,0.496656745909,0.916428405381,0.945546631684
"Gueckedou",-0.201508317553,0.114563297466,0.661878227089,0.460828084455,-0.653073406401,-0.87255215259,-1.77136926378,-0.349360539307,-0.0390194610783,0.238754047475,0.735213158957,-2.19526809788,-0.255691349735,0.849458487331,-0.263881764256,0.672449708564,0.871343096252,0.541665432174,0.418457357725,-0.225009142753,0.103661202567,-0.858426098724,-2.33718518542,-0.500622831812,-1.52317740426,-0.42203023095,0.147869797616,0.351494545217,0.508846055709,0.167545479086,0.183896077638,0.477460640032,0.647982987785,0.272341910206,0.185865837968,0.345950552152,-0.611233963726,0,-0.706203318749,-2.30479926979,-0.929756524116,-1.09837707878,-1.76554583088,-1.23984750613,-1.89089463131,-0.569815910096,0.0410541657094,-0.724945781124,-0.223658664831,-0.455369733351,-0.763133455824,-0.324085628049,-0.524242905112,-0.517478575493,0.148080416896,0.195873139507
"Lola",-1.13539102491,-0.264031610513,-0.00897222355186,0.0263602529232,-0.169486162814,-0.92376087064,-0.706542086131,0.144617695591,-0.193088287191,-0.693915951962,0.219322519117,-0.918832601416,-0.210276717527,0.309149283348,-0.0681165514059,1.23406829473,1.37547073925,1.14305240647,1.05675254232,0.558499522396,0.711888294948,0.213024093605,-0.431833754704,-0.0241735012237,-0.843011686081,0.219658620506,0.467259113914,1.01382522791,1.12092655038,0.892380289645,0.906100791808,1.08916959723,1.15888812059,0.877301929549,0.873795201197,0.99370712275,-1.45416885616,-0.706203318749,0,-1.319465838,-3.57957183602,-2.3893245765,-0.276331166724,-0.0599063810567,-0.104664628586,0.455931595503,0.806789067445,0.384023218648,0.630470321984,0.48342448487,0.23997318815,0.444742373305,0.402897641158,0.246451717498,0.841418685332,0.873901256202
"Macenta",-0.39845698027,0.0676095235245,0.516116802962,0.393313424903,-0.395283708297,-0.870721932866,-1.32886823171,-0.0826953854068,-0.0161379615105,0.0402363701747,0.63483828281,-1.77561609745,-0.166488933121,0.736222551072,-0.117833949659,0.889139005688,1.05428737683,0.768381500472,0.676630212647,-0.0122620354051,0.231128372055,-0.544095448669,-1.7833450735,-0.625031750664,-2.1743416041,-0.393787453044,0.0833022811015,0.617380194295,0.746265064588,0.466932772072,0.461908731943,0.690726905998,0.788835086355,0.430408610724,0.408579688238,0.566227821764,-1.26584620772,-2.30479926979,-1.319465838,0,-1.5696772657,-1.62091081415,-1.00291377314,-0.646199997863,-0.978866374449,-0.109080707234,0.367797278727,-0.279214666154,0.1599171942,-0.0199194480174,-0.271425999863,0.0518246769166,-0.0807738825884,-0.13411220935,0.458938247876,0.498502468343
"Nzerekore",-1.24324932399,-0.368859767587,0.0268771897601,-0.0234402504632,-0.364367317073,-1.22578747529,-0.993813211956,-0.0144034072502,-0.33401849146,-0.65709626381,0.219065010868,-1.2436066138,-0.380854607998,0.328794375563,-0.234516703029,1.16776847746,1.31908439711,1.07600125215,0.979420524129,0.498037946699,0.670713225319,0.130891904918,-0.567024766721,-0.0368461250998,-0.914178420691,0.185479882048,0.470348325171,0.93570567461,1.05027905675,0.806290005631,0.828739533276,1.02783135407,1.11707978326,0.830670216036,0.812084814743,0.931630517276,-1.26167396888,-0.929756524116,-3.57957183602,-1.5696772657,0,-3.38920383885,-0.484153096286,-0.242805614992,-0.269465018399,0.339029438015,0.713068735092,0.281426660486,0.521427626779,0.361484398985,0.090837764483,0.311749199814,0.270215153956,0.0940163565714,0.743189522199,0.777813776393
"Yamou",-1.38959048074,-0.529069474385,0.0369235939209,-0.112412197341,-0.62461203082,-1.68685419909,-1.35663245165,-0.219794720744,-0.540240431542,-0.644958079993,0.189897615827,-1.63015000525,-0.624234788524,0.323027710099,-0.465403829589,1.10959781541,1.27284885714,1.01988803845,0.908803877837,0.473922916413,0.665482865761,0.0948186305908,-0.624108218169,0.0215792189576,-0.842144841417,0.208744507809,0.521740870096,0.865642901848,0.988888708142,0.727532331971,0.764864649573,0.982705470964,1.09769668275,0.813027026905,0.773843508084,0.888615311458,-0.950210787092,-1.09837707878,-2.3893245765,-1.62091081415,-3.38920383885,0,-0.713889757509,-0.449495292897,-0.419694419464,0.229037725246,0.624464622239,0.203281072933,0.413416866005,0.23767892733,-0.0726715666597,0.160569602546,0.128463082811,-0.0872976083247,0.64218854956,0.679239701277
"Kailahun",-0.166551493695,-0.0420842685341,0.685135241254,0.357280793369,-1.43569880816,-1.07101864146,-2.34948462032,-1.10934044192,-0.312756101832,0.299879045509,0.699374085978,-2.03301323049,-0.654668750171,0.841236747639,-0.771946842374,0.536009657984,0.788771828819,0.431872307567,0.223695085657,0.00989061323438,0.341632012075,-0.458202572585,-1.06275259775,0.0570272569594,-0.532951990856,0.0482337295855,0.521401225114,0.167920005398,0.367925345354,-0.0594403460535,0.0688398650295,0.445244972267,0.730545776469,0.42269210955,0.243478364884,0.346291779319,-0.024819284482,-1.76554583088,-0.276331166724,-1.00291377314,-0.484153096286,-0.713889757509,0,-3.21430911932,-2.25783427689,-0.975594953963,-0.250420069417,-0.721730669429,-0.660124390703,-1.03416235409,-1.80642827875,-1.1042538405,-1.28943977762,-1.49369704277,-0.249002441109,-0.184844875466
"Kenema",-0.0357898431028,0.0062859487092,0.752913566821,0.395910144785,-1.53833896991,-0.874499017322,-1.77228705824,-1.38269012804,-0.292511219536,0.400563451732,0.745746085252,-1.45913213614,-0.655265139297,0.891381492483,-0.834210084254,0.454574856081,0.732073389672,0.362651007521,0.114743289686,0.078488226553,0.407768761531,-0.327934786494,-0.749783013671,0.218231199109,-0.270127543588,0.184706574794,0.632613728377,0.0648985867644,0.284475338515,-0.181952556577,0.000277482915703,0.41009481624,0.741082597763,0.45856662959,0.24629211705,0.325298806398,0.178258547937,-1.23984750613,-0.0599063810567,-0.646199997863,-0.242805614992,-0.449495292897,-3.21430911932,0,-1.93753355221,-1.15055835483,-0.40460263026,-0.701076240305,-0.890669084553,-1.34520503123,-2.56018463824,-1.59682628249,-1.75907512106,-2.1168088864,-0.46701997399,-0.393326386342
"Kono",0.143937802805,0.299463976999,0.879234136825,0.627273982888,-0.693662913027,-0.511220074908,-1.34294984485,-0.532522826197,0.0967833594353,0.529256451328,0.910323838187,-1.3490734056,-0.156991171868,1.02861220661,-0.243088845174,0.336843404483,0.597133413273,0.190741685195,0.00325169478281,-0.428537819729,0.000270339528427,-1.05013150302,-1.57637130606,-0.211843491201,-0.713841380995,-0.295226596774,0.290748826626,-0.0781071376135,0.135770306754,-0.33188502713,-0.260062931591,0.161877753708,0.467005643266,0.0928631260686,-0.118037349289,0.0272904509003,-0.0321194884987,-1.89089463131,-0.104664628586,-0.978866374449,-0.269465018399,-0.419694419464,-2.25783427689,-1.93753355221,0,-1.48184364555,-0.519374709606,-1.45360962095,-0.914994217509,-1.27035807465,-1.57859875965,-0.880681388096,-1.30416713978,-0.977624662003,-0.36609336601,-0.301686426924
"Bombali",0.58644392126,0.637143482505,1.16774664034,0.909661388902,-0.248045967751,0.0805951714534,-0.414671364652,-0.292705784992,0.437763073638,0.892864659572,1.16998258878,-0.355224155183,0.214007547003,1.28097201643,0.0933186234945,-0.246930004395,0.149311718598,-0.416762487528,-0.781694782058,-0.454569110091,-0.00252144452192,-0.735118939268,-0.552374438996,0.19082675188,-0.00714526932153,0.0144031760355,0.515558418656,-0.899553546117,-0.532786213809,-1.37091216526,-1.06115362458,-0.327257573039,0.247005564744,-0.0556834706023,-0.48237276423,-0.431165872343,0.492315279134,-0.569815910096,0.455931595503,-0.109080707234,0.339029438015,0.229037725246,-0.975594953963,-1.15055835483,-1.48184364555,0,-1.78435567841,-1.87216578514,-2.62148675596,-2.8580802516,-1.6421102563,-1.19914126165,-2.00490617074,-0.891496036145,-1.31938407227,-1.22032273466
